"id"
18889640
14335326
940430168
15509327
310522982
63063850
3033293849
14199907
141299973
18068115
298289387
87852003
17696994
1467945800
17698956
17785621
38122533
114232546
466312624
2435535423
36504770
1093933434
2950787838
849887262
870667650
2884916357
82774113
3313694963
3255993631
2392323869
234237188
18991201
23815857
125086815
168720269
20204500
137061725
369125973
1053432535
618382649
3036955926
300630033
18370931
155979477
131059355
28761375
261954157
215598844
866941982
19829410
198009433
355544803
48996717
628679719
262442444
2491899518
171999264
14604538
303851730
167513120
233018470
22515212
57968052
30294408
316787073
15808382
150843303
2486251543
904774099
600543316
99179947
308806681
2447423838
1002666823
573810474
3144682294
30761202
55566329
1043800604
776534522
14328445
14594127
17236547
2211315516
186757007
855033006
16340098
238310835
214622133
128712259
18894781
748167626
414473579
832163869
16668713
18367081
273628568
401198078
183823711
375859774
238057615
509186528
194364336
537634845
426259004
3107412927
485357651
559142341
2972615511
314128355
48548373
283792481
227439924
242015219
597219498
465589354
195472640
615761086
239949843
3092861867
251618271
577771512
261436690
312142469
284867700
42325887
272060411
375846917
2345865312
2675922997
1702964768
16657357
231194951
16306378
1498395948
1636596085
38380127
560664938
21957401
277314618
2955362257
317509530
582273001
10118982
49098949
820694
26156260
146712559
2493703760
83236568
42282803
35326797
137761535
66562195
3260252790
451708421
27184509
789453241
341260378
95924559
525814090
2867236818
597219629
18816166
338652101
20422158
3075753126
18969602
2615709072
209725071
819998784
15219854
366828221
304125763
1470679388
957470774
2278291236
2296991850
757754664
29096243
72117309
760441724
1694665868
95165060
84383131
337912763
329524190
1589946457
33611222
14626693
6098102
555269342
50708368
23045174
2996604045
1686845718
1717198861
1545763694
20233309
16348665
633081815
50506969
195634245
162156431
102059321
413489853
52793489
436425307
2870006781
93966773
2998414669
325629203
2514505128
175438396
184285279
310994340
61328583
194403635
2324832523
1658008208
165589181
2764960397
291951825
192645563
1489074440
188449160
63293607
158083365
224862788
2173964723
38956011
2578370315
30540927
968226012
465597709
460577661
21466532
302254953
56924076
270998183
286998245
1963699248
39197011
38830109
217387239
396870684
628540581
159977328
2801891267
2308845222
2178339595
2471829113
2701740860
2357447605
1641155858
1692227370
254340803
2174906305
2766000748
217314516
2978220984
3065493998
3080751216
2728287389
2691025345
2233944943
1355475116
870303163
2356811959
931310701
47812581
1669231730
3033212935
1886186202
1931713226
2881331498
2987745237
2358034633
2269462257
2825245770
2415311274
2345536889
2286997483
2351497414
2361316704
2355127716
2376168606
246362315
2665199528
3250717164
2233396513
2347719997
2474881090
2222666510
2437856718
2358613165
2367572508
2972379736
3028368907
2373857028
942567073
2180223120
931082108
2471794630
2383802631
2149697989
3173640349
1000713889
341546135
2355362293
236193153
447459371
112221355
31194905
124490608
45939113
697793
525169674
129277503
1664543820
2527081605
2930563754
14829396
2697341986
18062192
838305542
71442585
181902394
3139660046
144703320
191906831
3023523825
2834196485
20083430
46503479
565050593
142608879
26186350
877639022
3312684021
56711801
838718791
1183679052
17544997
3350804548
1129930010
3044249667
318755857
147914945
247448975
168112280
31622609
100539680
2765516350
45580261
518080322
2904019594
319211584
66169172
223060015
10206822
18894703
2282693469
586106331
19749344
2924326213
22175709
3351015904
364868362
789368232
1889301
494413136
2329429483
412540560
34054564
70852269
298139855
424254448
17596673
2329191594
456994513
138176497
534634924
25956205
1138331052
2584800063
2342166259
238003734
436201364
27488996
500080756
149088122
25194473
15996357
26887791
203769960
157510710
2455822425
17112369
26292411
140980387
360376226
2432101723
2450395334
479871321
18202472
1078290276
1239913754
18008403
30934869
3330433463
620228575
404334121
21512592
197158238
340527317
2493531672
2921484725
2209505258
387368241
55397194
334660170
1593686040
881562187
44315911
117984011
2210738517
370414898
24303168
848623500
35742668
276322457
21627444
190039554
19916253
16009079
250843380
624382393
2756370346
516023524
80937611
2344039852
266042375
2811420372
625678746
1693145138
440326331
2873371306
198138144
482274576
748560384
584962910
2239924549
73414710
312831840
1128725844
3309557920
2563773009
231427692
1599294835
2284293187
2864850418
275139321
15934407
127375220
748228932
58945187
65774480
270867638
1602148572
437720136
253220970
36589823
30597520
126360382
185001536
363492187
6246582
26423890
204952900
3238256557
374252868
2865226232
264202575
1250763698
1038315992
1457928896
2542103904
217665900
54334502
93573393
30491361
3321872063
17788057
3086173260
1317114678
43271588
262039085
239522450
2546736998
62938629
247278651
572981684
182084409
2743678871
241171326
223966190
249457512
61698050
221219838
21831006
251911551
28276437
2437650280
35623958
606814609
110328956
236423473
369731820
42897956
101872888
2168833144
115911319
233070560
1066983542
2271185556
331381799
1411619156
14829106
3018332337
354631186
24897993
169590547
176857241
2983228836
627524315
371866684
271147327
479809429
1511273426
22735490
412825657
67812306
2552803166
39344860
236113382
424059219
2991226547
2154657479
778252177
617512807
45407660
372465113
783103080
39143472
378249100
917988938
25908041
104889562
42092022
434321424
15719115
165288986
254146663
615190679
24731505
630746877
57759420
266200935
528018340
237196753
412092041
272918454
1010456808
596142007
1564336531
2394367167
368044855
433671129
21000886
2380993236
52604899
23368836
781407758
503963362
294415923
17820589
18787844
21139540
3062942875
115740215
23005561
884361025
48030929
485373198
907024664
1972603800
517088361
183574114
520135583
2384449898
704394882
327575644
77596982
16196911
55053289
131204438
384998779
15192175
314567461
16963148
86330337
3209235699
614672695
3345839771
403169042
463396471
79364181
407930240
148442384
2676649669
23905759
902915910
40501164
439265815
32683690
67917695
2740922299
1881723888
909434454
18523559
59564136
354067485
101414778
490885649
85926706
108461809
2273905594
190527885
2611760673
15150833
17250912
71024165
336215761
162252710
2553635538
34156299
1061172590
86379078
1053732817
68758845
18609728
360508134
19223689
43478554
1601378612
68542597
54690581
874378190
21236814
172137622
76047938
231608116
2235127202
787814995
14652684
348174353
44833676
61881146
260314786
1661098993
199329565
330398741
605689380
35874572
16649558
269952698
65224765
72667560
13175582
22102899
21495956
18777381
24528537
20734932
3229018993
38281738
20246280
730165092
30023026
11427242
23602345
420375428
150817338
16332680
43197255
707639319
246598836
149149683
21153724
10322132
30004549
782010
79220289
16713384
224484320
9426292
16692046
37565870
18964508
3253124106
14578503
19887106
795854509
180669058
758124434
456190282
6181112
272725575
420117089
16036518
44845845
25358145
16302522
1002015324
15733475
286421452
34710986
549383243
401243476
182245460
44127590
8542292
3329302289
15765043
503302536
50214499
22309484
158080256
3102906209
110279592
746055972
217135274
16747353
204178606
18765552
142312848
237410350
38784195
19512312
2269545696
59930105
372393820
435199797
362006386
257308268
1388408077
85183520
41603440
29099963
1271394842
266208749
23853647
289702880
27951239
986041237
314604063
89717183
365622013
86360236
1375758578
2800487145
37862233
356630031
513770285
467131870
92842782
177687087
74865483
358432869
457846162
69337056
245587515
1618732808
292468729
300413733
35978770
56520458
414804117
44522278
23083361
207249457
783093174
54580347
330758447
42948541
48087463
132722588
2372368518
553127259
154489520
145498961
28628861
396408540
266721246
176089815
1634189096
200638062
2250592015
2890083535
142510689
267884847
144688791
18648532
2178280172
375438521
70193121
291500540
2645494952
3031527096
2555542476
239040423
61371461
26632358
40964555
940383145
2246757962
10013742
254671049
2552849054
2183541680
1410583608
28558638
875165383
169353953
833362412
1151298290
803340397
3146730277
2849705503
2310454308
19354250
391680343
2882110257
146924919
587102773
360262161
14610474
3235358144
68503500
28454804
2348434183
2202435103
1609392385
17082120
19702818
505166736
3086527294
2724241819
143600773
359896608
2214035862
112899747
2918923293
333054616
583010135
144761285
2436910091
579040546
232052701
29283829
28048291
49233484
18108413
2436236671
279175400
1557366680
3035456878
719116333
395072307
291748457
1206195553
270453057
1151132892
229693491
2263952359
2465666516
349413724
324489515
2225722040
304252817
207320443
7090
213380101
1566706208
588563021
1973773945
410249471
3044922248
436324752
78267072
1976675894
140236257
103948670
13880132
16896509
38055914
342930572
1183502118
76236651
3252936278
2444882024
593149348
896050802
154335044
18694750
16650365
17553295
172550844
867491377
250229013
402108248
1687092265
2689567325
89386105
34113126
30745529
23556562
178166536
21990184
826182529
2540465689
1572821
63822537
2915898409
9617242
49037163
167407656
559830848
14497828
299381815
426230910
1366997995
2674294075
31444989
30922975
36225888
16179517
444154621
977684310
29511225
514060617
14181114
183464212
2268008476
2828226819
473618780
18086787
106016399
263116378
15169798
43950728
23382670
517343823
320831425
3161734267
418200729
27857776
445393444
23542200
117154250
247525175
435630698
565933413
15395102
51987179
258280763
119427785
49805751
195938394
341089607
2693761363
448944584
33960482
38451494
18423041
21255194
109664897
26150677
48864594
883010736
305107329
1473474212
2320359029
188895808
2241789872
571857207
19663264
2614766004
243125979
19599350
48316825
341928803
275192138
47214765
2978090327
2993981110
259614302
384357430
567530924
236199742
274034914
143965957
143531610
177792499
38534811
610525764
65922881
975662882
2735666793
16699877
2993159092
17235009
352580700
351526892
295282811
18754335
121956514
2437738844
39466447
523666687
449050933
17944211
111659789
563048501
342018261
282944219
282319095
38248809
3161803731
2853453516
278664831
36976069
979835396
2357383532
1433584531
91183410
19667967
968833441
239977915
187180505
58271546
434494572
489551505
76528607
50708033
13320092
40505322
331983455
3312553877
2355252290
1190575692
423778500
21274637
2312620176
335600708
15940523
41475366
2408067523
154370338
424425527
631551449
2759531856
2987810645
100018192
998056861
3027325071
2733967279
2314125238
756143516
45859717
228957609
2229549131
107052853
458625534
1108090951
1514722946
334103212
284133931
2434882555
2164882366
2739647158
36090369
2256558607
1150250491
56050689
3178715180
2544942113
3044112982
1056195222
846296282
2355332323
325065273
289533411
601349015
188056040
1646875722
17832004
1112984347
2822078730
202806849
733738782
1548491534
502584744
1506913860
447163283
282306988
1934436012
3006168515
3157454253
2249481030
3214795775
1623800694
2294490771
2875836275
3035382126
591931322
260197784
381596488
367706944
450727691
3184433014
703890931
797342148
2185885567
334833035
965294940
556331477
1927275858
2926142463
1195058480
1733572740
1738644181
1166744276
123350736
2952283505
3130050665
1061902088
1658780850
278349161
2664639445
2439420284
341803196
334186953
1559556247
3194863430
117320526
46644114
19621607
2721890870
705337102
59246495
2634129060
50808521
2670254713
1231099243
342824141
29285953
86960669
56766671
132375065
25878169
19174833
2959113493
2231104210
89220824
21924525
546374180
1862012424
29292129
134608734
1358122993
133823871
237139093
896919722
394332805
14444970
53456508
857271709
439343020
243822289
448843904
2372169582
94688394
173266757
352459530
1892050057
17945884
204807535
2795517045
114259006
476268504
111725171
208072082
27000730
22860345
52396776
6773312
852538243
27810354
15757611
29474253
16104258
36000570
2916820281
106928769
265634129
632146300
76541588
260757399
13397202
614032517
3257447924
500835692
387900824
34181226
25112718
14357989
629028228
56837049
7154912
626345722
131996281
14297041
16698389
6192062
20835299
47706812
209066290
17978737
1694164154
2438938190
121062810
57294436
37284754
18105922
395715884
64811275
2688827886
188337762
469684458
311756420
26025332
40045237
401640531
2998905714
14061436
110544081
161433076
18107749
11062472
45236868
53936897
29213318
72441356
19564986
17355250
431795785
50671317
116332567
1732131019
78440668
14347014
450706085
225571767
25489574
90165278
3119842155
41872899
67208356
308719458
98998058
249308032
95703547
3328296903
135750754
109640555
438932219
22154062
6982322
2344646725
535074655
246667561
2318109098
830207660
343223200
2456054209
48376430
754664118
452520206
39801115
67691370
98011152
1931697102
240219545
3151867981
1330404805
21160194
19074004
8594912
1078306448
2361515284
464295811
464496633
2731337895
22842540
179224072
19743385
171421295
2905777889
880848998
346398558
527157011
865645291
68402920
143890432
168135202
2525365379
150772913
2321431556
1146734599
2584951928
107852138
14305753
412869634
935830716
2951167712
42306910
1025281608
337833963
3145213486
1214735336
512438877
950872045
2303922836
281104697
82757459
844680367
1884951277
21940724
361376085
442431640
245628551
749975137
550673487
3242010968
1204527349
561669655
447626193
1663914396
3154609082
2910095812
2168529618
157001602
135415379
355251418
919879208
468790146
479921760
82964502
449427805
799014732
249251304
49790985
3191501123
16586233
2274974018
1000971792
1969903926
2947707803
872797591
2900140450
2982130529
3105046095
2296218770
1898509298
2324461358
1029814856
2237408230
80120832
49583240
240524364
153687367
708858626
149772434
570665370
15321195
35266570
202833251
94381644
17924702
16863814
82716978
91488672
101922172
164170039
21810031
146966787
1649152315
418793455
1068841112
1022479322
85622850
252435808
768516048
1977430386
233036231
605049181
3259837494
950573070
522847464
596179713
2442091238
793049418
393896559
2174672365
1126386734
190712724
34820914
2527399578
3278695308
2237369254
3031866200
3019355414
3266098812
57086806
308298839
91003405
69160062
3311242558
354109078
86547390
26142469
218202420
486175800
232738060
619236935
103145551
131316778
303537942
1924436078
102580608
310596714
437929380
269592993
2471421697
1248388118
265154460
14258268
2275749544
3150251257
768313783
1976969942
176480390
1968215522
1214742877
163314897
1158039396
18530932
438418660
626075633
288355972
745934827
2732764753
61055185
1940879174
600718887
529082928
280524732
85362521
436873679
353298201
954666270
1653955538
122060656
2470232281
256556038
2784204008
16613227
134862394
62778419
376555324
16238276
397841859
142293342
480784774
116031173
19960646
2167245332
40240358
19238591
28405946
53083226
17887853
473463191
14301427
129148390
473888494
2409308966
610229929
141675263
144624330
20185009
33651124
7431072
18876782
27841181
16416963
260500846
14304664
1278031
19171433
1246421
1528701
19746467
15021053
703590811
222568528
43556252
343240099
16615734
89929611
17738785
87352552
14850098
878123305
1462561225
1076804832
1351624830
164256412
39100300
159252079
166032557
1393061221
15896024
276646328
212718372
2493309589
615805923
251356662
1778325312
125427006
375265900
452624617
20403641
918918535
23216446
1489528256
1557123666
18148073
149753440
2891996241
78941000
18501682
10889612
154348563
90600637
14926810
40397510
2595539328
17828825
22625794
1429043688
70028313
495885833
2365305244
3044090437
578847735
2196075797
15886135
2591017813
189359275
2358125977
1390633237
124253802
3017493136
45213906
1578860208
2370977107
225542816
297018051
1089180348
153644523
1158513553
35811300
531223735
71656156
163303317
476565539
21043723
303328043
19262912
87828109
435442810
13575602
15896434
16656621
399796571
2613221133
407353593
369832152
446669246
496588738
2965251335
2315506650
2878977651
2539932107
377602863
135700502
61799001
30183485
3032169181
2745498905
933043819
2434662517
2760866399
254877421
1066863727
2700106537
1947556717
750566576
2279911619
890094194
110629118
894684620
14097951
582099715
2340502668
347975860
167453191
2160675565
109610668
564538711
296514544
223696798
100532776
31806244
48880548
15515329
359032376
21531396
728604440
2728180212
34294546
3176908605
2724199448
41591401
120187298
63768047
20060120
21577373
166275213
3378823587
42323777
24292794
47530761
96590961
1831248854
361075471
304164459
60445483
39598606
14643778
42753313
193192630
321112376
1446912546
32739807
1009562486
2334919284
346979485
449356892
136786511
43998760
2192842003
384001418
114483131
107149401
615110999
98159694
59824298
2595115561
548359744
167124570
576236026
157777300
283520194
725587962
2996147971
839733014
28714986
93277505
11618712
163929184
22881234
32256221
184298244
1972413452
28917264
141988679
42067783
226363900
197899772
2360483563
3031062263
2656695361
577232259
179531291
20778809
2880084329
23369242
613101505
27661137
119553648
310094842
2724690335
327775450
811774362
91297643
1059931
23756831
858368094
11758442
359384519
420717649
2577403881
64681110
267231581
3538001
21801120
14828716
9793322
2966783441
112560821
30281676
6072622
112249054
29020027
131653616
260369977
19376359
7833002
7886392
102080846
19314095
186141465
252336839
46975078
3193917130
391887861
864061826
2294992634
1726890493
6412832
323980534
544456449
33662640
1308424129
407696930
19080361
10867702
11070272
521306510
17425580
204447925
148810617
997101
14363167
1259054648
346319516
1332124729
40124215
44438256
63661270
2984441
22078230
594431063
6202272
93134027
53391978
817623
7157252
561489950
1731829285
247784567
2375753623
2524579279
17233716
17950863
82684681
27681174
52559359
338903855
3238691042
153117745
298762414
621717288
280967175
9465632
1065915768
21180424
17833295
1856171
4642781
6964932
11331522
477743963
54953060
2896351425
1140009846
2466453506
2393428934
350766238
1051055353
336210564
29515703
509499705
2259409222
1486117886
1328206963
506396977
792146114
82154548
30589061
1595321004
114142626
193061543
18412137
552067151
32677130
544185096
16474992
88788667
367489515
524115558
246049771
416087388
557723838
435934338
719023092
195457305
2974381123
74574073
582233802
225176527
130491008
2456065644
200159766
1361978082
15051600
16291072
32196212
26070572
560782335
31637577
1119138835
542251606
51272580
15717001
28381786
357293749
59565371
590049411
15841706
423853868
165986964
60166467
35259009
858750770
369254932
2163869204
16132719
711313014
628849354
2451453268
1519760774
493371884
45133010
1159828628
452941994
320933269
162181397
1610821663
188092304
449930694
1631701254
423524617
269331951
101021868
273567659
22956338
1343085096
2501933676
2837492475
328554472
148567115
76347881
2924107935
222023013
519027255
883421593
171956600
294641790
195948852
987853194
274813393
39020874
369712994
462571376
208706690
62465798
309801804
90228965
2520139379
119225805
307861034
19050461
2384860321
2962651031
3145340052
829749937
3308933861
2570578011
623894425
1640560975
235527631
40587973
1314509383
238112577
28702911
126206905
609673344
281723582
368335643
148908323
392161604
1550586602
281848424
1935574615
817551445
154545948
172748155
39590563
48553059
71873221
1633723933
78892407
1365429482
316717535
709790629
309190582
1949227105
271755102
389254153
495415177
83301838
539349055
30490467
145467030
2957909621
127245827
2853171286
531862977
3265462410
2417662617
20546902
71434086
212988926
2797133509
88822302
2870971666
259941804
16717979
23654314
3261355016
586030553
2788281859
2409843492
14198938
610408934
43890674
31668851
403158572
23682529
15288160
1860571
564914883
173141605
10257602
28049003
241392002
3129676468
3072322605
228193268
138805554
463207079
17085007
564612626
2725565743
1288976226
987663426
71886983
580010353
39250904
150294146
367750490
367843406
2157919340
257944088
117537175
478040862
113038982
93963456
2491925569
76997494
612294080
309999913
1358224752
1268504352
245517813
32750029
2954137227
203809027
1538983531
79728118
9378802
16290561
348261293
393902100
17167550
12750422
73244123
3026082016
370916512
48038030
619572621
3065614981
1947820158
260410588
14142956
1321165615
37670413
38987685
2868606016
125621381
42372018
3010704366
114481108
133063757
201469742
3024382521
33930374
48469421
289223399
77946240
1539759007
138994326
101532348
3266370523
33644546
2574840719
3021908102
19133019
604897228
3316233861
234634741
906892664
18314266
58255192
15728362
5774262
212661917
18130000
189294199
86476708
753816908
8801242
15337750
16283642
2812553333
355608665
308716443
52319604
38359576
107624851
304471580
191998991
23572795
415187424
21407303
555171079
51426896
200249089
3152728781
21160098
39430844
286622921
35474832
325165126
810188786
842196260
30055993
788645132
87543340
873025664
855061
206787893
72625607
19556080
330781668
1068700262
86874360
49524127
2329637034
3044501911
54458417
240890205
38671143
202786571
322995785
2877941375
2722678128
2942276749
304723834
190357696
253153492
262798253
279164084
2740867366
384874266
2258597644
16668643
81241104
233370950
101939948
88501594
786044730
27804428
312916659
11271382
282867079
498261464
30127898
189569976
293999824
33180034
1293139411
2367719766
956286066
260749973
1172999958
61273042
920384972
1012563228
3236237412
284593915
112183891
110890326
793137019
40820283
601890937
2269951304
201280765
3152407786
22276814
251625760
45079860
17686959
2995212388
49157283
435973413
1357667832
2882325671
422181027
3135083117
166581703
47002411
22622155
15553341
3124088691
5900902
336772772
211215801
55465417
226654027
173510936
840774686
30045269
488518875
43615157
14204921
787752828
227009263
274317862
440338488
251001574
2203640594
2558006041
336280572
1372544449
306886492
310042795
3386792687
1972849159
39219323
995714065
408898754
289146448
547373581
1865129047
766456057
1967936156
540316301
392264667
14789455
141181609
8611202
371894011
2494800510
1866263196
35896909
2713010790
147449084
28212716
2800316595
420864999
312010831
16044763
382715672
155086196
21447744
375158713
149397617
9711472
217818688
33714911
2571653180
435515489
930512485
40053400
17280516
7010732
15739317
410047419
772737738
38253034
584510721
358976635
38637063
332972912
15993328
423036151
128321519
18083070
16541936
4530661
102836022
574009629
145004683
24159516
9026292
25422589
46191786
44731376
811875362
15000061
19288213
15846999
25150861
165689762
362723087
48841617
25861593
26551322
33655203
2792950758
1357132502
135588260
25506205
274109636
785877414
21723927
272577105
55312461
302049284
431241903
6077902
24825828
299379391
492057572
170772716
61270370
100136358
37340424
785082055
2409634903
1618224265
50669520
325862777
461807341
19509363
26458435
151274219
516729047
99371855
602387961
1969087202
389581902
36817176
300000007
1480553472
35581158
305080808
269112897
3245033344
274593553
3006853582
15803316
26701800
1584052440
218016744
17696313
3302993621
2279958414
504739349
199044554
2207392993
21123907
304183053
2553780078
35325226
1901619300
237606548
3237777665
808021232
268610103
2906076919
19806357
45950356
93040337
958032110
190672282
222538791
1260532490
542761618
226640681
120151540
25640771
82401499
1912521912
164771158
350429629
3284576280
231510077
137120479
1539698100
362860027
205076418
42948871
2688251472
945105673
158192800
123035831
77822434
630864427
536784023
97741578
94922115
158471931
306436630
2988200650
569048005
309210897
1209408750
1590713738
619457387
1330449050
454248173
2926078728
3349777359
15999884
275579805
110326401
2586348541
141833986
119995378
388597740
22092187
125468589
344574948
2250776587
291453848
325163248
15273331
33019342
1898315298
1965612469
571241678
889986612
49500717
103317611
227850840
621023206
18122941
32127420
18739661
306586809
3027615604
805766275
330759494
399603292
525472213
572229661
18575039
26907313
522441699
2790361134
2577646615
151883645
184517401
748861274
2612232952
1934319254
185592475
1860185324
422504128
2615594450
1513542372
1725711
1562828845
913021404
312961314
171576811
20109557
15855645
267843067
2811280417
824301318
18817351
405842183
1000196282
158509658
413418870
1219877077
2252004584
44235488
14258925
137195253
783505213
3377229286
33152702
2511521504
3110425989
33327415
45212004
2885108585
1411470348
76262555
1168356307
1081537014
2169610034
161125078
335630017
599515857
1075675944
308328105
50195818
772257
2493511853
59588312
27914990
2179888193
385301799
129257397
277331761
2813539974
16752361
271265519
353365146
29662730
1271512166
15294551
15252189
15979663
24042297
46426671
172051405
1633586203
16628021
1600879274
3303031570
21237679
733166570
455535542
175911725
299483556
1471407032
503272829
753604951
26466502
2171956021
617546032
2604803370
197554743
2912125348
15844512
2485308468
2910441304
2909540375
2437359612
2203680112
34852731
3010805337
272076595
1405403185
1418110926
440214921
2798597559
219041131
2458791716
262980734
2975251148
1631065567
2388087428
2178814483
2844768504
2384252006
2178110986
561310857
579519897
449747093
1604191448
17971887
2184439175
87562872
36136960
16493714
26642444
533968111
37493475
199875709
2251082035
360897119
1246900826
764103254
1014151464
3023842258
130794511
240389305
172507425
2897633997
252964664
2389168266
27172412
1013900479
2741781798
313571603
3057432639
85881268
2608956567
263437634
196182278
1708452218
40833850
69123976
766672476
197551388
174419290
38171002
76848978
19080694
42326387
413514250
130520027
2268376730
13053492
937595996
1010824586
20722156
253428532
16015170
893735773
257466791
728755513
290590259
2422472539
16543469
2834844339
213359082
1099554696
25198091
103423129
2792061861
1934754162
56563874
1166519798
17247981
1118349978
161428628
2814442984
22033362
2895041944
5415802
15093701
1257977196
15035171
49714330
128677060
129443311
2244290719
14766662
34246019
29006114
2303829128
15251513
114985342
377158215
90538714
82772880
219284591
23027108
84492679
25795191
1968154184
289155108
29383438
45879683
537526082
62581318
18805876
1389327788
2984490919
388992030
28642502
491030766
614070849
24330865
273140737
20891989
69777839
2573266538
116088737
15950870
194438141
57440750
1618723298
15527022
67586508
31730514
2595686252
14326245
611097005
1096734559
147701402
23362491
2282747948
2487489361
175523931
45477346
34662867
192740984
41658787
386858784
1643707898
704261928
27968672
2566213556
54739630
26667492
106718746
63628211
25538186
469059905
980473668
318176817
58837661
93497238
56325905
2704964016
456847304
22574680
110746020
2594077627
21186730
39515686
631439949
2202082327
317882356
25781996
14653850
3013086839
1492052282
28095138
24001226
2793020689
172626466
550371898
36174198
46610279
22705932
78775700
511081531
125348608
1112482153
1453112000
2289059322
190247161
271262052
15220853
447660502
861397495
3395898412
166312385
33934622
17297707
73516803
743193980
1409453064
2906473932
415186153
383313838
21091983
14924757
3336742366
577509954
1902128034
269488377
880734110
17463686
65075709
838399572
2674218580
18393661
177584322
252141392
1375084074
2294969654
2806394569
20246938
50030461
71625602
1390517288
703344157
1309442372
1137986071
518688946
6096882
2246342706
1905556465
74226447
315953555
73445737
183035621
207859759
102748069
152988931
21851230
1035861
139199042
1570728636
2567664745
1638780752
87664017
198601881
45289166
32472263
2806369269
107248275
77330787
1380310148
496082117
1440424087
2794995359
29392191
81397817
244883670
1565993630
928501447
199051201
2465029141
18707909
412298916
1175301
65489216
735621116
16481227
20350525
3409558377
48861897
2391778712
3006984705
21112073
2635931398
50385744
24344973
1281101401
18662449
153476385
9533042
1782411
88085241
63636796
20965303
467195236
1066002817
226598687
1680681
171074113
18500747
47200072
2874615120
5943622
37413577
2209284757
21584250
2710794303
3184379583
3273972708
3177497149
2408680065
2811680300
356656719
20219433
721159700
3100216951
2990650758
315495725
581468642
932347488
1934770050
1365662785
28668024
36096541
2753104588
59866665
16364718
3328627907
537812384
478949242
1232924226
3004344904
618393769
2962465598
2954127710
1972262820
2177338171
928177825
827101110
324079926
3304592867
579451601
2598765648
2421544669
19066608
344867983
2398377031
51521423
399779038
21113741
2417907536
439279008
123334373
161527135
27275057
379779822
2575793479
54096130
167150267
3007083491
22091541
2903250332
301387169
108020041
36361027
1350878431
57328056
39044418
1589506106
2357224296
100701217
184350287
388296370
2893332333
101786062
376419473
2251473408
820360844
380595144
1979535572
195423662
25890619
251871614
478291329
1404092484
801980449
1369122811
861027847
217112209
21880635
52701676
538776036
633538764
67831113
543674529
28055302
15127160
28027215
368235292
1691867996
266129829
228980469
254373549
448607856
615265024
147262374
19604173
296694221
719040560
23751066
226217193
392940097
728012952
45026979
2866830926
196391228
782791
100224999
18791012
2169824010
55297678
230929931
166451083
1482770630
176439834
33856501
366726201
302975084
220311666
47085622
582423440
1458096540
2189601901
15640551
15196894
229379440
47244803
3341959875
2389791853
102872936
844157641
147091051
14351040
351298793
20603471
2700360033
49788321
173964792
64283328
173643162
19365025
69559684
29511206
252323288
343791679
16177379
19395472
28721078
21114843
16105208
49145398
121135161
236978829
161773285
544612778
18238450
28907442
2470405006
2802853302
482314126
46540283
279870995
34492853
3119782239
152380710
25388412
